00000000000000000000000000000000000000000000000000000000
00000000000000000000000000000000000000000000000000000000
00000000000001000000000000000000000000000000000000000000
00000000000001110000000000000000000000000000000000000000
00000000000000001000000000000000000000000000000000000000
00000000000000011000000000000000000000000000000000000000
00000000000000000000000000000000000000000000000000000000
00000000000000000000000000000000000000000000000000000000
00000000000000000000000000000000000000000000000000000000
00000000000000000000000000000000000000000000000000000000
00000000000000000000000000000000000000000000000000000000
00000000000000011000110000000000000000000000000000000000
00000000000000010000010000000000000000000000000000000000
00000000000000000000000000000000000000000000000000000000
00000000000000001000100000000000000000000000000000000000
00000000000000000111000000000000000000000000000000000000
00000000000000000000000000000000000110000000000000000000
00000000000000000000000001100000001010000000000000000000
00110000000000000000000001100000001000000000000000001100
00010000000000000000000000000000001110000000000000100100
00010100000000100000000000000000000000000000000000111000
00001100000000101000000000000000000000000000000000000000
00000000000000010100000000000000000000000000000000111000
00000000000000010010000000000000001110000000000000100100
00000000000000010100000000000000001000000000000000001100
00000000000000101000000000000000001010000000000000000000
00000000000000100000000000000000000110000000000000000000
00000000000000000000000000000000000000000000000000000000